0 442
1 100
2 65
3 54
4 42
5 37
6 31
7 30
8 27
9 26
10 21
11 22
12 19
13 18
14 18
15 18
16 18
17 16
18 15
19 15
20 10
21 13
22 13
23 13
24 10
25 14
26 9
27 13
28 10
29 11
30 11
31 11
32 9
33 11
34 9
35 8
36 8
37 9
38 10
39 8
40 7
41 6
42 8
43 8
44 8
45 9
46 7
47 7
48 6
49 7
50 9
51 7
52 4
53 7
54 6
55 8
56 8
57 4
58 9
59 6
60 6
61 6
62 5
63 7
64 6
65 4
66 5
67 7
68 3
69 9
70 6
71 4
72 6
73 3
74 5
75 8
76 4
77 8
78 4
79 4
80 4
81 4
82 6
83 3
84 5
85 5
86 4
87 4
88 7
89 3
90 7
91 4
92 4
93 3
94 4
95 5
96 3
97 5
98 4
99 4
100 5
101 4
102 2
103 5
104 3
105 2
106 5
107 4
108 5
109 2
110 6
111 2
112 5
113 5
114 3
115 3
116 6
117 4
118 4
119 3
120 2
121 5
122 3
123 3
124 4
125 3
126 3
127 5
128 2
129 5
130 3
131 2
132 4
133 3
134 3
135 4
136 4
137 3
138 6
139 3
140 2
141 5
142 2
143 2
144 3
145 4
146 1
147 3
148 3
149 3
150 2
151 7
152 2
153 3
154 2
155 6
156 1
157 4
158 2
159 3
160 2
161 3
162 4
163 1
164 1
165 5
166 3
167 1
168 2
169 3
170 5
171 1
172 4
173 1
174 4
175 2
176 5
177 4
178 1
179 2
180 3
181 5
182 1
183 3
184 2
185 2
186 3
187 1
188 2
189 2
190 2
191 4
192 3
193 1
194 4
195 1
196 4
197 1
198 2
199 2
200 1
201 4
202 3
203 2
204 2
205 0
206 2
207 4
208 2
209 3
210 1
211 2
212 4
213 2
214 3
215 1
216 4
217 2
218 3
219 0
220 5
221 2
222 1
223 3
224 2
225 4
226 4
227 3
228 1
229 3
230 2
231 1
232 3
233 4
234 1
235 3
236 2
237 2
238 2
239 1
240 1
241 2
242 3
243 2
244 2
245 1
246 3
247 1
248 5
249 1
250 1
251 2
252 3
253 1
254 3
255 3
256 1
257 1
258 1
259 4
260 0
261 4
262 2
263 0
264 3
265 2
266 3
267 1
268 2
269 1
270 4
271 1
272 4
273 1
274 0
275 4
276 3
277 3
278 1
279 2
280 1
281 1
282 1
283 5
284 0
285 2
286 2
287 1
288 3
289 1
290 2
291 4
292 0
293 2
294 2
295 2
296 1
297 2
298 2
299 1
300 1
301 1
302 5
303 3
304 1
305 1
306 3
307 0
308 1
309 2
310 2
311 4
312 0
313 1
314 2
315 2
316 1
317 2
318 3
319 1
320 1
321 2
322 2
323 1
324 3
325 1
326 1
327 1
328 1
329 0
330 4
331 1
332 2
333 1
334 0
335 1
336 2
337 2
338 1
339 2
340 4
341 1
342 1
343 0
344 2
345 3
346 2
347 1
348 1
349 3
350 2
351 1
352 3
353 3
354 3
355 1
356 1
357 1
358 1
359 1
360 2
361 1
362 2
363 3
364 2
365 0
366 1
367 2
368 1
369 1
370 1
371 1
372 2
373 2
374 1
375 1
376 0
377 2
378 3
379 1
380 1
381 1
382 4
383 1
384 1
385 2
386 0
387 1
388 3
389 2
390 0
391 1
392 2
393 2
394 1
395 1
396 2
397 1
398 1
399 1
400 2
401 0
402 1
403 3
404 1
405 2
406 1
407 1
408 3
409 0
410 2
411 0
412 1
413 3
414 2
415 2
416 2
417 0
418 1
419 2
420 1
421 1
422 0
423 2
424 2
425 3
426 1
427 1
428 2
429 1
430 0
431 1
432 4
433 1
434 1
435 1
436 1
437 2
438 0
439 0
440 2
441 3
442 2
443 1
444 1
445 0
446 3
447 1
448 1
449 1
450 3
451 1
452 1
453 3
454 3
455 1
456 0
457 1
458 1
459 3
460 1
461 1
462 0
463 1
464 1
465 2
466 2
467 2
468 0
469 1
470 1
471 2
472 3
473 0
474 1
475 1
476 1
477 1
478 1
479 1
480 1
481 0
482 1
483 2
484 2
485 2
486 3
487 0
488 1
489 1
490 1
491 0
492 3
493 1
494 0
495 1
496 4
497 1
498 1
499 1
500 1
501 0
502 0
503 2
504 2
505 1
506 1
507 0
508 1
509 2
510 4
511 0
512 1
513 0
514 1
515 0
516 2
517 0
518 3
519 1
520 0
521 0
522 3
523 2
524 1
525 2
526 0
527 0
528 1
529 4
530 1
531 2
532 1
533 2
534 0
535 1
536 2
537 1
538 1
539 0
540 3
541 1
542 0
543 1
544 3
545 2
546 1
547 0
548 0
549 0
550 1
551 3
552 1
553 2
554 2
555 1
556 0
557 1
558 1
559 1
560 1
561 1
562 1
563 1
564 1
565 0
566 2
567 3
568 0
569 0
570 1
571 1
572 0
573 2
574 2
575 0
576 3
577 0
578 2
579 0
580 1
581 1
582 1
583 3
584 0
585 0
586 1
587 1
588 1
589 2
590 2
591 0
592 1
593 0
594 1
595 2
596 0
597 2
598 1
599 0
600 1
601 0
602 0
603 1
604 2
605 3
606 2
607 1
608 1
609 1
610 0
611 1
612 3
613 0
614 0
615 0
616 0
617 1
618 1
619 1
620 3
621 0
622 3
623 1
624 1
625 1
626 0
627 1
628 1
629 1
630 2
631 0
632 2
633 0
634 0
635 2
636 0
637 3
638 1
639 0
640 1
641 1
642 1
643 1
644 1
645 2
646 1
647 0
648 3
649 1
650 0
651 1
652 0
653 1
654 1
655 0
656 2
657 0
658 0
659 0
660 1
661 3
662 1
663 1
664 0
665 2
666 1
667 1
668 0
669 1
670 0
671 1
672 1
673 1
674 0
675 3
676 0
677 1
678 0
679 2
680 3
681 2
682 0
683 2
684 0
685 1
686 0
687 0
688 2
689 2
690 0
691 3
692 0
693 2
694 1
695 0
696 1
697 0
698 2
699 1
700 2
701 1
702 0
703 1
704 1
705 2
706 1
707 2
708 2
709 1
710 0
711 1
712 0
713 1
714 1
715 0
716 1
717 0
718 1
719 0
720 3
721 0
722 1
723 0
724 0
725 2
726 1
727 2
728 0
729 2
730 0
731 0
732 0
733 1
734 1
735 1
736 0
737 1
738 2
739 0
740 1
741 1
742 0
743 1
744 3
745 1
746 1
747 1
748 1
749 0
750 2
751 0
752 0
753 0
754 1
755 1
756 3
757 1
758 0
759 1
760 1
761 0
762 1
763 1
764 2
765 3
766 1
767 0
768 1
769 0
770 0
771 2
772 0
773 0
774 1
775 0
776 1
777 2
778 1
779 1
780 0
781 0
782 0
783 1
784 2
785 1
786 0
787 2
788 2
789 0
790 1
791 0
792 0
793 2
794 1
795 0
796 1
797 1
798 1
799 0
800 2
801 0
802 0
803 1
804 0
805 1
806 2
807 1
808 1
809 0
810 3
811 0
812 1
813 0
814 1
815 0
816 3
817 0
818 1
819 0
820 1
821 1
822 0
823 0
824 0
825 2
826 2
827 1
828 0
829 2
830 1
831 2
832 1
833 1
834 0
835 0
836 1
837 0
838 1
839 1
840 0
841 1
842 0
843 1
844 0
845 0
846 1
847 1
848 1
849 1
850 2
851 2
852 0
853 1
854 0
855 1
856 0
857 2
858 0
859 1
860 1
861 0
862 1
863 0
864 4
865 0
866 1
867 0
868 1
869 1
870 1
871 0
872 1
873 1
874 1
875 2
876 0
877 0
878 0
879 0
880 2
881 1
882 3
883 0
884 1
885 2
886 0
887 1
888 0
889 1
890 0
891 0
892 2
893 1
894 0
895 1
896 1
897 0
898 1
899 0
900 3
901 1
902 0
903 1
904 0
905 1
906 1
907 2
908 2
909 2
910 0
911 1
912 0
913 0
914 1
915 0
916 1
917 0
918 3
919 0
920 0
921 1
922 1
923 0
924 0
925 0
926 1
927 1
928 1
929 0
930 0
931 2
932 0
933 3
934 1
935 1
936 0
937 0
938 0
939 1
940 1
941 0
942 0
943 2
944 1
945 2
946 0
947 0
948 1
949 0
950 1
951 0
952 2
953 0
954 0
955 1
956 2
957 0
958 1
959 0
960 1
961 0
962 0
963 0
964 3
965 0
966 0
967 2
968 1
969 1
970 1
971 1
972 3
973 0
974 0
975 0
976 0
977 1
978 0
979 1
980 1
981 0
982 1
983 0
984 3
985 0
986 0
987 1
988 0
989 0
990 1
991 0
992 3
993 1
994 0
995 1
996 0
997 1
998 1
999 0
